ls 760 1694358886 0.000000
ls 760 1694358888 0.000000
grep 763 1694358915 0.000000
grep 763 1694358921 0.000000
clear 763 1694358941 0.000000
grep 763 1694358946 0.000000
ls 763 1694358956 0.000000
ls 763 1694358959 0.000000
ls 763 1694358962 1.000000
ls 763 1694359026 0.000000
ls 763 1694359034 0.000000
ls 763 1694359336 0.000000
ls 763 1694359337 0.000000
ls 763 1694359338 1.000000
ls 763 1694359340 0.000000
ls 763 1694359341 0.000000
ls 763 1694359342 0.000000
ls 763 1694359343 0.000000
ls 25 1694359863 0.000000
ls 25 1694359865 0.000000
history 25 1694359870 0.000000
history 25 1694359956 0.000000
history 49 1694359983 0.000000
history 70 1694360050 0.000000
history 97 1694360180 1.000000
ls 104 1694360342 0.000000
history 104 1694360346 0.000000
history 112 1694363002 0.000000
ls 125 1694363110 0.000000
ls 132 1694364514 0.000000
ls 132 1694364518 0.000000
cat 132 1694364529 0.000000
grep 132 1694364548 0.000000
ls 132 1694364548 0.000000
31 1694366154 0 0.000000
hhistory 1694366154 0 0.000000
31 1694366159 0 0.000000
ls 1694366159 0 0.000000
40 1694366258 0 0.000000
ls 1694366258 0 0.000000
40 1694366272 0 0.000000
ls 64 1694366388 0.000000
ls 64 1694366391 0.000000
ls 64 1694366399 0.000000
which 64 1694366404 0.000000
pwd 64 1694366410 0.000000
man 64 1694366419 4.000000
cd 64 1694366441 0.000000
ls 64 1694366459 1.000000
cd 64 1694366469 0.000000
cd 64 1694366477 0.000000
ls 97 1694367347 0.000000
./fib 97 1694367352 0.000000
./fib 97 1694367365 0.000000
ls 123 1694367877 0.000000
mkdir 123 1694367884 0.000000
ls 123 1694367887 0.000000
ls 25 1694368468 0.000000
ls 25 1694368473 0.000000
ls 25 1694368479 0.000000
ls 25 1694368483 0.000000
echo 25 1694368489 0.000000
wc 25 1694368497 0.000000
wc 25 1694368507 0.000000
grep 25 1694368524 0.000000
ls 25 1694368530 0.000000
ls 25 1694368534 0.000000
./helloworld 25 1694368542 0.000000
sort 25 1694368546 0.000000
uniq 25 1694368565 0.000000
ls 25 1694369601 0.000000
ls 25 1694369606 0.000000
